0 5.291e-09 1.21295e-07 3.80221e-07 0.998931 0.00017081 0.000884377 1.34638e-05
.241890 1.94282e-08 3.71279e-07 0.000260804 0.99603 0.000440315 0.00320382 6.45655e-05
.483780 1.93394e-08 5.94579e-07 0.00168411 0.989491 0.000773201 0.00787613 0.000174647
.725670 1.56723e-08 1.01222e-06 0.000163017 0.996907 0.00149456 0.00110442 0.000330181
.967560 4.05701e-08 1.2928e-06 0.00358562 0.99215 0.00185209 0.00188107 0.000529687
1.209450 1.20792e-08 1.34186e-06 0.0140264 0.977135 0.00167059 0.00643584 0.000730395
1.451340 9.72771e-08 1.13437e-06 0.0373158 0.9469 0.00103792 0.0138605 0.000884286
1.693230 2.17715e-08 9.12589e-07 0.0810985 0.894704 0.000522826 0.022725 0.000948794
1.935120 1.54631e-07 1.77435e-05 0.0136951 0.975074 0.00246486 0.00791984 0.000828275
2.177010 3.56931e-07 3.28372e-05 0.0078945 0.978028 0.00785569 0.00543304 0.0007557
2.418900 7.90051e-08 2.93483e-05 0.0261945 0.946594 0.0209094 0.00567042 0.000602091
2.660790 1.36779e-07 1.15488e-05 0.0610242 0.883768 0.0473385 0.00754646 0.000310973
2.902680 2.85121e-07 1.16534e-06 0.00929034 0.886052 0.0996191 0.00483427 0.000203277
3.144570 1.93373e-07 1.38765e-05 0.0462503 0.928088 0.0217418 0.00280705 0.00109922
3.386460 1.61823e-07 1.57066e-05 0.0733821 0.816236 0.107147 0.00101142 0.00220759
3.628350 2.53625e-07 8.14895e-06 0.0917442 0.878407 0.0270697 0.000773269 0.00199762
3.870240 4.99936e-07 5.64503e-05 0.051669 0.846728 0.0985331 0.000733748 0.00227877
4.112130 2.209e-07 6.46256e-05 0.0398538 0.823026 0.133634 0.000718037 0.00270261
4.354020 2.96096e-07 8.31096e-05 0.0586239 0.859555 0.0780087 0.000818554 0.00291005
4.595910 3.39143e-07 3.63634e-05 0.042638 0.835491 0.117377 0.000775296 0.00368269
4.837800 5.03366e-07 6.49012e-05 0.0386153 0.825931 0.130083 0.000723008 0.0045821
5.079690 3.62755e-07 7.88282e-05 0.0353882 0.851199 0.109538 0.000880846 0.00291496
5.321580 3.27616e-07 7.95566e-05 0.0338382 0.857402 0.105721 0.00101444 0.00194416
5.563470 5.76337e-07 5.86184e-05 0.0336645 0.859625 0.104262 0.00122111 0.00116841
5.805360 1.88476e-07 4.59273e-05 0.0348061 0.858719 0.103899 0.00158933 0.000940537
6.047250 5.65607e-07 5.88944e-05 0.0371804 0.855459 0.103161 0.00232988 0.00181022
6.289140 4.51453e-07 7.76503e-05 0.040693 0.850613 0.100204 0.0039242 0.00448845
6.531030 2.1191e-07 7.54317e-05 0.045226 0.844962 0.0930902 0.00703843 0.00960762
6.772920 8.46791e-07 0.000101789 0.0364076 0.853058 0.0913393 0.00235543 0.0167374
7.014810 3.15421e-07 7.52406e-05 0.0458907 0.845053 0.07856 0.00418198 0.0262391
7.256700 4.85601e-07 9.01042e-05 0.0518364 0.842688 0.0670604 0.00235888 0.0359655
7.498590 7.57417e-07 0.000101687 0.0583501 0.842529 0.0532529 0.00102642 0.0447395
7.740480 1.16717e-07 9.87145e-05 0.0461313 0.863118 0.0349626 0.00333683 0.0523526
7.982370 4.34191e-07 8.22191e-05 0.0583092 0.861912 0.0210018 0.00138746 0.0573071
8.224260 4.91225e-07 8.41286e-05 0.0654953 0.863928 0.00917305 0.000941912 0.0603769
8.466150 1.2629e-07 7.71545e-05 0.073479 0.859108 0.00485557 0.000693528 0.0617866
8.708040 6.24467e-07 7.6491e-05 0.0827023 0.842057 0.0121059 0.00111352 0.0619445
8.949930 3.49262e-07 8.17409e-05 0.0942557 0.812283 0.030652 0.00123931 0.0614876
9.191820 2.19359e-07 8.79302e-05 0.0717968 0.854999 0.00875502 0.00147993 0.0628807
9.433710 5.37697e-07 9.66127e-05 0.0544396 0.862933 0.0172575 0.00161329 0.0636593
9.675600 3.13281e-07 9.89163e-05 0.0278877 0.873574 0.033036 0.00170269 0.0637001
9.917490 6.79193e-07 0.000108978 0.196758 0.726495 0.0100249 0.00168964 0.0649231
10.159380 5.74332e-07 0.000115183 0.790876 0.134054 0.00709638 0.00175567 0.0661023
10.401270 8.84002e-08 0.000120915 0.797255 0.129851 0.0036531 0.00164798 0.0674712
10.643160 6.33498e-07 0.000117962 0.803667 0.123755 0.00245532 0.00158605 0.0684177
10.885050 3.03826e-07 0.00011686 0.800394 0.127587 0.00192196 0.00151406 0.0684652
11.126940 1.93151e-07 0.000117611 0.800438 0.129054 0.00169618 0.00143491 0.0672587
11.368830 5.00848e-07 0.000114193 0.804341 0.127925 0.00161421 0.00135198 0.0646533
11.610720 2.62456e-07 0.000103635 0.81142 0.124736 0.00160072 0.00127287 0.0608672
11.852610 2.37379e-07 9.28478e-05 0.82044 0.120081 0.00163038 0.00121138 0.0565435
12.094500 4.09839e-07 9.63995e-05 0.829742 0.114605 0.00170926 0.00118789 0.052659
12.336390 2.8652e-07 0.000121973 0.837504 0.108998 0.00186293 0.00123223 0.0502804
12.578280 2.37765e-07 0.000154824 0.842164 0.103929 0.0021353 0.00138673 0.0502298
12.820170 3.75059e-07 0.00016436 0.842787 0.0999757 0.00258183 0.00170371 0.0527868
13.062060 3.28276e-07 0.000134746 0.839302 0.0975451 0.00325806 0.0022259 0.0575343
13.303950 1.9984e-07 8.60854e-05 0.832481 0.0968501 0.00420362 0.00294906 0.0634303
13.545840 4.51145e-07 5.90686e-05 0.823725 0.097926 0.00542647 0.00378494 0.0690784
13.787730 2.67532e-07 7.95754e-05 0.814704 0.100684 0.0068911 0.00455708 0.0730843
14.029620 2.56806e-07 0.000137961 0.806977 0.104948 0.00852107 0.00505201 0.0743638
14.271510 5.14065e-07 0.000195275 0.801639 0.110483 0.0102063 0.0051124 0.0723631
14.513400 1.33545e-07 0.000208201 0.799075 0.116971 0.0118205 0.00471906 0.0672056
14.755290 4.8067e-07 0.000160688 0.79882 0.123981 0.0132325 0.00400352 0.0598014
14.997180 2.7514e-07 8.30131e-05 0.79963 0.130946 0.0143253 0.00317741 0.0518379
15.239070 2.94032e-07 3.53624e-05 0.799818 0.137209 0.0150229 0.00243298 0.0454813
15.480960 4.7388e-07 6.00561e-05 0.797871 0.142146 0.0153322 0.00187629 0.042714
15.722850 1.33887e-07 0.000144898 0.793123 0.145362 0.0153688 0.0015269 0.0444742
15.964740 5.50482e-07 0.000233865 0.786173 0.146818 0.0153449 0.00135221 0.0500779
16.206630 2.0666e-07 0.000270866 0.778724 0.146853 0.0154864 0.00130271 0.0573635
16.448520 3.37058e-07 0.000233811 0.772906 0.145993 0.0159367 0.00133146 0.0635988
16.690410 5.25613e-07 0.000142188 0.770414 0.144705 0.0166876 0.00140367 0.0666476
16.932300 2.01136e-08 4.48467e-05 0.767711 0.145048 0.0199592 0.00157124 0.0656652
17.174190 5.9665e-07 2.44451e-06 0.773833 0.148154 0.0181843 0.00149764 0.0583277
17.416080 2.58446e-07 5.08177e-05 0.776567 0.150572 0.0180444 0.0014167 0.0533492
17.657970 5.62394e-07 0.000175155 0.779247 0.151643 0.0183137 0.00134532 0.0492752
17.899860 2.64836e-07 0.000303391 0.776918 0.152454 0.0186127 0.00125435 0.0504574
18.141750 5.3273e-07 0.00037332 0.77227 0.152201 0.0191433 0.00122538 0.0547869
18.383640 2.78974e-07 0.000360524 0.768197 0.150766 0.020216 0.00123362 0.0592265
18.625530 1.54789e-06 0.000335108 0.765282 0.152314 0.0200681 0.00246619 0.0595324
18.867420 4.04196e-07 0.000215585 0.76535 0.149217 0.00196997 0.0218219 0.0614253
19.109310 1.13455e-06 9.31746e-05 0.764501 0.148261 0.00587854 0.018904 0.0623614
19.351200 7.87006e-07 1.22066e-05 0.763706 0.148279 0.00608029 0.0192381 0.0626837
19.593090 9.30449e-07 9.7091e-06 0.76361 0.14872 0.00600029 0.0193614 0.0622976
19.834980 6.03764e-07 8.07751e-05 0.764437 0.149024 0.00583656 0.019283 0.0613379
20.076870 1.22173e-06 0.000178941 0.765656 0.149123 0.00563915 0.0193021 0.060099
20.318760 7.61413e-07 0.000255157 0.76637 0.149345 0.00545894 0.0196829 0.0588873
20.560650 6.35002e-07 0.000286831 0.766096 0.149885 0.00533847 0.0204916 0.0579007
20.802540 1.92048e-06 0.000263808 0.765519 0.148576 0.00535848 0.020671 0.0596103
21.044430 4.59078e-07 0.000229112 0.76592 0.147887 0.00515973 0.0207642 0.0600393
21.286320 1.08053e-06 0.000196942 0.76813 0.14605 0.0048494 0.0203548 0.0604174
21.528210 1.71167e-06 0.000175385 0.771757 0.143144 0.00446671 0.0193631 0.0610916
21.770100 4.4802e-07 0.000169785 0.775097 0.140529 0.00409429 0.0178888 0.0622202
22.011990 8.45897e-07 0.000178241 0.776016 0.139941 0.00381927 0.0163458 0.0636985
22.253880 1.93603e-06 0.000187552 0.773398 0.142074 0.00366464 0.015295 0.0653789
22.495770 5.49183e-07 0.000176989 0.768135 0.145982 0.00357047 0.0149054 0.0672298
22.737660 8.5535e-07 0.000134619 0.762525 0.149879 0.00345939 0.0148035 0.0691978
22.979550 2.0296e-06 7.46119e-05 0.75839 0.15247 0.00330831 0.0146836 0.0710714
23.221440 4.76913e-07 3.15002e-05 0.756021 0.153506 0.00314346 0.0147775 0.0725198
23.463330 8.32463e-07 3.41762e-05 0.755135 0.15322 0.00298894 0.0154268 0.073194
23.705220 1.89897e-06 8.5739e-05 0.756199 0.15149 0.00284835 0.0165172 0.0728584
23.947110 6.65371e-07 0.000164849 0.759826 0.147221 0.00313926 0.0176437 0.0720046
24.189000 6.40245e-07 0.000242811 0.767146 0.140426 0.00328397 0.018781 0.0701187
24.430890 2.32983e-06 0.000285457 0.777748 0.130964 0.00336726 0.0199133 0.0677197
24.672780 6.57437e-07 0.000271862 0.790242 0.120088 0.00335312 0.020849 0.0651958
24.914670 6.87489e-07 0.000204484 0.801953 0.110244 0.00324465 0.0213809 0.0629718
25.156560 2.25551e-06 0.000110045 0.809253 0.104661 0.00307418 0.0215451 0.0613549
25.398450 8.23625e-07 4.3688e-05 0.807545 0.106241 0.0034051 0.021476 0.0612879
25.640340 6.07107e-07 5.35222e-05 0.795999 0.117527 0.0035081 0.0215573 0.0613544
25.882230 2.10861e-06 0.000113355 0.824738 0.0894699 0.003161 0.0212291 0.0612868
26.124120 1.35002e-06 0.000207878 0.78061 0.132861 0.00333906 0.0213723 0.0616086
26.366010 9.10129e-07 0.000198231 0.834626 0.077444 0.00335378 0.0213417 0.0630359
26.607900 2.69415e-06 0.000159403 0.86476 0.0471868 0.00299577 0.0212493 0.0636457
26.849790 1.46189e-06 0.000270637 0.887465 0.0244317 0.00268565 0.0210865 0.0640589
27.091680 6.63355e-06 0.000174466 0.843019 0.0685092 0.00323109 0.0205418 0.0645179
27.333570 1.95583e-06 0.000229429 0.817627 0.0940323 0.00336148 0.0200841 0.0646637
27.575460 4.72097e-06 0.000292246 0.795563 0.116046 0.00334195 0.0200705 0.0646822
27.817350 6.29355e-06 0.000290397 0.779955 0.131469 0.00317489 0.0206004 0.0645046
28.059240 2.04597e-06 0.000244441 0.772454 0.138593 0.00288026 0.0216602 0.0641658
28.301130 4.60608e-06 0.000220084 0.773174 0.137371 0.00250736 0.023163 0.0635605
28.543020 6.16136e-06 0.000230776 0.780803 0.129272 0.00214306 0.0249222 0.0626222
28.784910 2.34687e-06 0.00024644 0.792834 0.116645 0.00190844 0.0267121 0.0616518
29.026800 4.02824e-06 0.000254534 0.806292 0.101998 0.00193498 0.0284388 0.0610773
29.268690 8.19212e-07 0.000265057 0.821898 0.085363 0.00234596 0.0286776 0.0614494
29.510580 2.97093e-06 0.0002687 0.829817 0.0738845 0.00330537 0.0314544 0.0612668
29.752470 3.66117e-06 0.000252643 0.835305 0.0644318 0.00536185 0.0347096 0.0599357
29.994360 3.67209e-06 0.000246752 0.836954 0.0531173 0.0135845 0.0392272 0.0568667
30.236250 2.31736e-06 0.000253426 0.838125 0.00732846 0.0576688 0.0442506 0.0523709
30.478140 4.20409e-06 0.000272442 0.83562 0.00218395 0.0648515 0.0504967 0.0465711
30.720030 4.43822e-06 0.000284027 0.831957 0.00289424 0.0675609 0.0561527 0.0411463
30.961920 2.2431e-06 0.000268031 0.827767 0.00356633 0.0704219 0.0615246 0.0364499
31.203810 3.38965e-06 0.000239581 0.820738 0.00450083 0.0672172 0.0495334 0.0577677
31.445700 1.47316e-06 0.000256207 0.833778 0.00228593 0.060681 0.0295239 0.0734735
31.687590 3.42373e-06 0.000271403 0.835281 0.00438045 0.0555501 0.00923366 0.0952803
31.929480 1.84888e-06 0.000238778 0.834105 0.00520266 0.0502961 0.00460597 0.10555
32.171370 2.06691e-06 0.000225701 0.830372 0.00556607 0.0447485 0.00770443 0.111381
32.413260 2.87864e-06 0.000232173 0.837984 0.00525381 0.0540688 0.0052915 0.0971665
32.655150 2.15312e-06 0.000249699 0.84047 0.00490986 0.0458052 0.00663617 0.101927
32.897040 1.64452e-06 0.000257189 0.84366 0.00414848 0.0524874 0.00466917 0.0947764
33.138930 2.40173e-06 0.00023596 0.843866 0.00331219 0.0553598 0.00370229 0.0935219
33.380820 2.33127e-06 0.000207289 0.842245 0.00240657 0.0582557 0.00294805 0.0939347
33.622710 2.10515e-06 0.000219044 0.840185 0.00150504 0.0609788 0.00254044 0.0945699
33.864600 1.86811e-06 0.000252468 0.838966 0.000734988 0.0630569 0.00247009 0.0945182
34.106490 2.65515e-06 0.000266447 0.839066 0.000261448 0.0640592 0.00268243 0.0936621
34.348380 2.23037e-06 0.000255013 0.840027 0.000223303 0.0638773 0.00314675 0.0924679
34.590270 1.62462e-06 0.000224617 0.840844 0.000674125 0.062755 0.00390264 0.0915984
34.832160 2.61695e-06 0.000194464 0.840603 0.00155695 0.0610717 0.00508734 0.0914836
35.074050 2.86024e-06 0.000217131 0.838786 0.00267786 0.0607109 0.00667634 0.0909285
35.315940 1.94216e-06 0.000266403 0.837236 0.00391952 0.059699 0.00866818 0.0902088
35.557830 2.5135e-06 0.000301795 0.835442 0.00506325 0.0585973 0.0107894 0.0898034
35.799720 2.75153e-06 0.00028138 0.833748 0.00594672 0.0574316 0.0125861 0.0900035
36.041610 2.05133e-06 0.000219169 0.832734 0.00648538 0.0561929 0.0135718 0.0907949
36.283500 2.57823e-06 0.000180893 0.832988 0.00667776 0.0548683 0.0133925 0.0918905
36.525390 2.29569e-06 0.000203137 0.834754 0.00659217 0.0534719 0.012012 0.092964
36.767280 2.35232e-06 0.000261604 0.837591 0.00634185 0.0520475 0.00980742 0.0939485
37.009170 2.38327e-06 0.000315011 0.840401 0.00605733 0.0506672 0.00743438 0.0951229
37.251060 2.47003e-06 0.000315158 0.84198 0.00585852 0.0494557 0.00555299 0.0968353
37.492950 2.27529e-06 0.00023851 0.841712 0.00581783 0.0485901 0.00468809 0.0989511
37.734840 2.25414e-06 0.000160289 0.839918 0.00594537 0.0481996 0.00533346 0.100441
37.976730 3.27511e-06 0.000182137 0.83764 0.00620775 0.0482636 0.00793853 0.0997648
38.218620 1.73785e-06 0.000274651 0.836066 0.00653332 0.0486142 0.0124913 0.0960192
38.460510 2.06387e-06 0.000322009 0.835895 0.00679865 0.0489855 0.0182422 0.0897549
38.702400 4.13387e-06 0.000294668 0.836965 0.00694389 0.0489591 0.0241072 0.0827259
38.944290 2.2599e-06 0.000245774 0.839143 0.00771439 0.0477913 0.0143536 0.09075
39.186180 1.09389e-06 0.000199403 0.839496 0.0131919 0.0409017 0.0114258 0.0947844
39.428070 4.5399e-06 0.000213216 0.837081 0.00760187 0.0460938 0.00915532 0.0998505
39.669960 4.60392e-06 0.000278847 0.835994 0.0108595 0.0411727 0.00734276 0.104347
39.911850 1.49633e-06 0.000298378 0.836517 0.0125636 0.0374533 0.00602772 0.107139
40.153740 1.5556e-06 0.000287941 0.838404 0.0135573 0.0344969 0.00524929 0.108003
40.395630 6.84512e-06 0.000291141 0.840559 0.0139879 0.0325909 0.00484555 0.107719
40.637520 6.68633e-06 0.000274302 0.841805 0.0137623 0.0322588 0.00445858 0.107434
40.879410 1.83888e-07 0.000222437 0.841816 0.0128588 0.0335877 0.00376414 0.107751
41.121300 6.11526e-06 0.000209607 0.840849 0.0113836 0.0362914 0.00577491 0.105486
41.363190 1.30881e-05 0.000287966 0.840451 0.0098337 0.0387182 0.00784474 0.102852
41.605080 4.77269e-06 0.000310619 0.840576 0.00869141 0.0401636 0.0107354 0.0995182
41.846970 5.38234e-07 0.000247658 0.839024 0.0080453 0.0404022 0.0150479 0.0972321
42.088860 1.03535e-05 0.000268629 0.835304 0.00718716 0.0400339 0.0223751 0.094821
42.330750 1.75153e-05 0.000303431 0.833582 0.00517971 0.0400473 0.0348712 0.0859984
42.572640 8.35683e-06 0.000231328 0.836103 0.00225998 0.040264 0.0528289 0.068305
42.814530 3.39077e-06 0.000222261 0.84034 0.000224686 0.0390814 0.0712183 0.0489097
43.056420 2.02085e-05 0.000304558 0.841976 0.000280189 0.0358276 0.0847228 0.0368684
43.298310 3.2068e-05 0.000289107 0.839471 0.00157779 0.0321525 0.0945082 0.0319692
43.540200 1.93043e-05 0.000230606 0.835718 0.00263954 0.030346 0.101859 0.0291872
43.782090 8.57213e-06 0.000282646 0.834284 0.00282329 0.0321795 0.103258 0.0271646
44.023980 2.49273e-05 0.0001829 0.835428 0.00282429 0.0278171 0.104235 0.029488
44.265870 4.79613e-05 0.000231799 0.831884 0.00288516 0.0286391 0.105717 0.0305946
44.507760 4.68919e-05 0.00023299 0.83015 0.0035453 0.0330811 0.102562 0.0303818
44.749650 3.30772e-05 0.000173984 0.82879 0.00475417 0.0363994 0.0977273 0.0321225
44.991540 2.57178e-05 0.000169926 0.831973 0.00571265 0.0371342 0.0930286 0.0319561
45.233430 4.43501e-05 0.000238025 0.836187 0.00596436 0.0358064 0.0919276 0.0298323
45.475320 8.05202e-05 0.000244072 0.836022 0.00561415 0.0356895 0.0924106 0.0299396
45.717210 0.000100468 0.000241107 0.829164 0.00639621 0.0371825 0.0924714 0.0344439
45.959100 7.76516e-05 0.000287025 0.825428 0.00654423 0.0376689 0.0921375 0.0378568
46.200990 5.6595e-05 0.000329733 0.829371 0.00643396 0.0347958 0.0927957 0.0362173
46.442880 7.24828e-05 0.000311162 0.83597 0.00651904 0.0299399 0.093858 0.0333292
46.684770 0.000367698 0.000313975 0.829787 0.00814262 0.0298592 0.0960271 0.0355024
46.926660 0.000724793 0.000367172 0.835688 0.0104475 0.0239187 0.0977554 0.0310985
47.168550 0.00101072 0.000423107 0.838558 0.017513 0.0130178 0.0989813 0.0304963
47.410440 0.00094161 0.000485291 0.834117 0.0292604 2.43577e-05 0.100733 0.034438
47.652330 0.000621556 0.000489697 0.832458 0.0213372 0.0106275 0.096806 0.03766
47.894220 0.000211407 0.000527501 0.837211 0.0231484 0.0111019 0.0947471 0.0330523
48.136110 4.34192e-05 0.000640693 0.838347 0.0225605 0.0123091 0.09413 0.0319695
48.378000 0.000285596 0.000674394 0.834044 0.0213556 0.0138231 0.0937937 0.0360241
48.619890 0.00107052 0.000663755 0.83319 0.0205707 0.0166152 0.0946979 0.0331922
48.861780 0.00265384 0.000640154 0.835212 0.0217564 0.0186754 0.0941885 0.0268737
49.103670 0.00513901 0.00066034 0.829554 0.0211471 0.016766 0.0938796 0.0328538
49.345560 0.00893692 0.000697042 0.819654 0.0201018 0.0217876 0.0927255 0.0360973
49.587450 0.0150053 0.00071847 0.818066 0.0190221 0.0236665 0.0915702 0.031951
49.829340 0.0259153 0.00100595 0.808808 0.0196667 0.0244141 0.0900916 0.0300986
50.071230 0.0178712 0.000484932 0.823145 0.0178224 0.0258642 0.0883433 0.0264692
50.313120 0.0443173 0.00149823 0.794257 0.0182124 0.024931 0.0878864 0.0288978
50.555010 0.109586 0.00631415 0.721019 0.0186086 0.0256041 0.0881882 0.03068
50.796900 0.213162 0.00817728 0.61966 0.018108 0.0260852 0.0869019 0.0279062
51.038790 0.326615 0.00247251 0.510944 0.0164014 0.0293 0.0857082 0.028559
51.280680 0.416654 0.000644341 0.424372 0.0158396 0.0281434 0.0874427 0.0269046
51.522570 0.47549 0.000818698 0.36447 0.0163608 0.026718 0.0870681 0.0290738
51.764460 0.507232 0.0010984 0.333224 0.0160457 0.0282824 0.0850288 0.0290883
52.006350 0.519934 0.00141953 0.317577 0.0150327 0.0310745 0.0855149 0.0294477
52.248240 0.519679 0.00189699 0.314229 0.015615 0.0313595 0.0866423 0.0305782
52.490130 0.513375 0.00194001 0.321634 0.0165214 0.0301629 0.0857436 0.0306233
52.732020 0.503523 0.00190967 0.331749 0.0162255 0.0290153 0.0868531 0.030724
52.973910 0.493251 0.00201077 0.341596 0.0146953 0.0309485 0.0878803 0.029618
53.215800 0.512709 0.00186899 0.323281 0.0138024 0.0319003 0.0865358 0.029903
53.457690 0.521192 0.00155182 0.315194 0.015672 0.0289117 0.0891025 0.0283764
53.699580 0.525357 0.00160829 0.309942 0.0176561 0.0277999 0.0895423 0.0280942
53.941470 0.522664 0.00149767 0.308666 0.0188066 0.0288097 0.0912859 0.0282696
54.183360 0.521636 0.0015297 0.310896 0.0152528 0.0304233 0.092262 0.0280009
54.425250 0.516844 0.00132463 0.31481 0.0138754 0.0344291 0.0913391 0.0273779
54.667140 0.515543 0.00135796 0.317037 0.0128016 0.0368388 0.0891223 0.0272995
54.909030 0.511848 0.00135242 0.319157 0.0116688 0.0407391 0.0883066 0.0269284
55.150920 0.511393 0.00127636 0.320237 0.0103905 0.0451586 0.0852781 0.0262659
55.392810 0.513481 0.00135493 0.319427 0.00969758 0.0490629 0.0805789 0.0263969
55.634700 0.51402 0.00132058 0.317246 0.00998028 0.0563164 0.0740155 0.0271015
55.876590 0.516156 0.0013301 0.314889 0.0109553 0.0768319 0.0524129 0.0274248
56.118480 0.520816 0.00133259 0.311901 0.0119306 0.0933742 0.0328965 0.0277486
56.360370 0.521805 0.0013243 0.310352 0.00915606 0.080315 0.0485539 0.0284933
56.602260 0.521416 0.00140868 0.310831 0.00931108 0.0783188 0.0497734 0.0289408
56.844150 0.51635 0.00145688 0.314375 0.0100497 0.0773815 0.0517413 0.028645
57.086040 0.511439 0.00149944 0.319162 0.0112533 0.0766914 0.0517927 0.0281613
57.327930 0.508453 0.00158644 0.323272 0.0124595 0.0761884 0.0502888 0.0277511
57.569820 0.506409 0.00161943 0.325158 0.0134257 0.0761679 0.0499247 0.0272946
57.811710 0.508674 0.00159799 0.323093 0.0141129 0.0754298 0.0506876 0.0264043
58.053600 0.514881 0.00165719 0.31718 0.0146617 0.0753 0.0509449 0.0253755
58.295490 0.520718 0.00170422 0.309582 0.0149287 0.0773307 0.05094 0.0247967
58.537380 0.52642 0.00155511 0.304185 0.0149794 0.0783089 0.0504793 0.0240722
58.779270 0.526346 0.00150598 0.303567 0.0161592 0.0793718 0.0498459 0.0232043
59.021160 0.520665 0.00126917 0.307695 0.0171217 0.0792726 0.0513042 0.0226714
59.263050 0.513059 0.00107292 0.31602 0.0166941 0.0779364 0.0527773 0.0224409
59.504940 0.50497 0.00100722 0.325549 0.015656 0.0795248 0.0505905 0.022703
59.746830 0.515522 0.000973699 0.310367 0.0163583 0.0820229 0.0509045 0.0238518
59.988720 0.517625 0.000794878 0.31166 0.0169484 0.0790026 0.0524228 0.0215465
60.230610 0.510956 0.000669733 0.31858 0.0156641 0.0777006 0.0569112 0.0195177
60.472500 0.499312 0.000702532 0.328516 0.0145163 0.0793898 0.0604483 0.0171145
60.714390 0.492526 0.000724856 0.336743 0.0156076 0.0785805 0.061361 0.0144572
60.956280 0.489624 0.000635907 0.33976 0.0170023 0.0774893 0.06377 0.0117182
61.198170 0.490278 0.000575289 0.337228 0.0166359 0.0807871 0.0658257 0.0086702
61.440060 0.495695 0.0005781 0.330626 0.0176693 0.0851105 0.0646599 0.00566138
61.681950 0.506895 0.000547002 0.320938 0.0166304 0.088189 0.0643863 0.00241382
61.923840 0.512562 0.000546912 0.313288 0.0163796 0.0936077 0.0634625 0.000152995
62.165730 0.514019 0.000601871 0.311365 0.0169998 0.0982052 0.0531197 0.0056886
62.407620 0.512213 0.000626281 0.31542 0.0152533 0.100781 0.046434 0.00927244
62.649510 0.506491 0.000627073 0.321791 0.0122664 0.104073 0.0425225 0.0122297
62.891400 0.50119 0.000683862 0.326388 0.0123212 0.108258 0.037844 0.0133142
63.133290 0.497757 0.000745225 0.32793 0.0143028 0.110947 0.034312 0.0140065
63.375180 0.498259 0.00076484 0.327839 0.0150139 0.110322 0.0361003 0.0117009
63.617070 0.500395 0.00074241 0.327752 0.0150915 0.111722 0.0312346 0.013062
63.858960 0.501163 0.000757908 0.327437 0.0188066 0.113054 0.0252589 0.0135222
64.100850 0.50056 0.00077845 0.326199 0.0262831 0.11432 0.0168024 0.0150565
64.342740 0.501562 0.000733481 0.324457 0.0141825 0.141885 0.00103441 0.0161456
64.584630 0.501847 0.000763975 0.326132 0.0101008 0.135285 0.00930898 0.0165633
64.826520 0.502904 0.00074266 0.326873 0.0118434 0.116614 0.0231431 0.0178798
65.068410 0.501409 0.000813432 0.325042 0.0524219 0.0706778 0.0309145 0.0187208
65.310300 0.500905 0.000799379 0.3243 0.0933439 0.0261406 0.035571 0.0189402
65.552190 0.504829 0.000832539 0.323063 0.0913571 0.0256324 0.0347728 0.0195134
65.794080 0.504949 0.000861336 0.323021 0.0917924 0.0270816 0.0344889 0.0178054
66.035970 0.504973 0.000910421 0.320733 0.092543 0.0266391 0.0367003 0.0175007
66.277860 0.50594 0.000952189 0.321175 0.0937046 0.0251429 0.036989 0.0160963
66.519750 0.502501 0.00095838 0.324939 0.0960732 0.0253457 0.0370387 0.0131437
66.761640 0.498665 0.00098609 0.327983 0.0973309 0.025487 0.0375108 0.0120368
67.003530 0.497238 0.00105932 0.328526 0.0956853 0.0261899 0.0388619 0.0124403
67.245420 0.495711 0.00120927 0.329547 0.0946211 0.0263512 0.0410539 0.0115058
67.487310 0.493588 0.00141009 0.331467 0.0939245 0.0250429 0.0428537 0.0117139
67.729200 0.492371 0.00172362 0.331259 0.0937374 0.0301075 0.0372229 0.0135787
67.971090 0.494709 0.00198804 0.329418 0.0934695 0.0234771 0.0432172 0.0137213
68.212980 0.49493 0.00237592 0.327958 0.0929696 0.0193285 0.0485698 0.0138684
68.454870 0.497273 0.0028454 0.325339 0.0923272 0.0308499 0.0376198 0.0137457
68.696760 0.501804 0.00324459 0.320128 0.0918533 0.0424624 0.0269147 0.0135937
68.938650 0.50505 0.00391076 0.316241 0.0929869 0.054139 0.0137569 0.0139147
69.180540 0.509075 0.00466519 0.311994 0.0934284 0.0613517 0.00549619 0.01399
69.422430 0.514246 0.00540331 0.306784 0.0921609 0.0476603 0.0171823 0.0165638
69.664320 0.518793 0.00628767 0.301333 0.0916587 0.0568877 0.00978481 0.0152548
69.906210 0.5207 0.00738431 0.297081 0.0928595 0.0592217 0.00822797 0.0145256
70.148100 0.521068 0.00848918 0.295165 0.0942873 0.0607307 0.00724118 0.0130187
70.389990 0.519359 0.0098205 0.295444 0.0943304 0.0608879 0.00773189 0.0124268
70.631880 0.518323 0.0113764 0.297715 0.0927812 0.0615388 0.0053148 0.0129512
70.873770 0.512782 0.0138457 0.301465 0.092169 0.0621765 0.00369801 0.0138632
71.115660 0.503177 0.0173547 0.305859 0.0941108 0.062273 0.00314752 0.0140784
71.357550 0.488857 0.0225523 0.312668 0.0961272 0.062429 0.00363439 0.0137323
71.599440 0.467242 0.0321223 0.324812 0.0956071 0.0622975 0.00389536 0.0140242
71.841330 0.428467 0.0568396 0.341752 0.093249 0.0611291 0.00431402 0.0142494
72.083220 0.277297 0.184903 0.366215 0.091453 0.0591082 0.00704218 0.0139823
72.325110 0.383443 0.0604094 0.385938 0.0906224 0.064626 0.00125113 0.0137099
72.567000 0.418514 0.0124784 0.401872 0.0880438 0.0639573 0.00214043 0.0129937
72.808890 0.425782 0.315261 0.0885248 0.0890584 0.0466781 0.0199768 0.0147196
73.050780 0.31498 0.229886 0.288621 0.0872838 0.0361694 0.0289924 0.014067
73.292670 0.507156 0.0295631 0.297372 0.0871802 0.0337944 0.0313129 0.0136219
73.534560 0.163472 0.384943 0.288844 0.08637 0.0392046 0.0221218 0.0150451
73.776450 0.157196 0.387087 0.29216 0.0861376 0.0403498 0.0205088 0.0165615
74.018340 0.150632 0.390906 0.293796 0.0861995 0.0419919 0.0187638 0.0177108
74.260230 0.148512 0.394805 0.293346 0.0863615 0.0417092 0.0161365 0.0191301
74.502120 0.145317 0.397377 0.293416 0.0864199 0.0424025 0.0145907 0.0204773
74.744010 0.142509 0.397509 0.295121 0.0863719 0.0440952 0.0134888 0.0209051
74.985900 0.142594 0.397412 0.296289 0.0862608 0.044132 0.0120797 0.0212315
75.227790 0.142498 0.397853 0.296045 0.086223 0.0447546 0.0115036 0.0211232
75.469680 0.141924 0.397127 0.29653 0.0864527 0.0463934 0.0111104 0.0204635
75.711570 0.142711 0.395586 0.298031 0.0868838 0.045892 0.0102827 0.020614
75.953460 0.143597 0.394702 0.298382 0.0873379 0.0451313 0.0103504 0.0204993
76.195350 0.143692 0.393388 0.298025 0.0878529 0.0439984 0.0128512 0.0201932
76.437240 0.145035 0.39159 0.298616 0.0875848 0.0355443 0.0205897 0.0210412
76.679130 0.14758 0.391258 0.298241 0.0865367 0.0256876 0.0292576 0.0214388
76.921020 0.150251 0.390935 0.295595 0.085246 0.0221632 0.0342989 0.0215108
77.162910 0.154173 0.390255 0.291511 0.0878483 0.0280548 0.0259533 0.0222048
77.404800 0.158274 0.390056 0.287131 0.0905824 0.0288329 0.0229386 0.0221855
77.646690 0.163149 0.388856 0.28157 0.0867651 0.0288297 0.0273263 0.0235029
77.888580 0.167217 0.389664 0.276371 0.0936947 0.0269581 0.0235094 0.0225856
78.130470 0.171284 0.390219 0.271814 0.099011 0.0225566 0.0226859 0.0224298
78.372360 0.175255 0.388921 0.269669 0.105442 0.0158812 0.0223478 0.0224831
78.614250 0.17662 0.388015 0.269381 0.113767 0.00812815 0.0210096 0.0230785
78.856140 0.175724 0.387481 0.270375 0.102962 0.0194969 0.0193546 0.0246064
79.098030 0.174458 0.387445 0.272087 0.106093 0.0148838 0.0180783 0.0269547
79.339920 0.17248 0.385526 0.27648 0.100136 0.0193251 0.0151303 0.030923
79.581810 0.167978 0.381646 0.282976 0.0987984 0.0235632 0.0268059 0.0182336
79.823700 0.164749 0.376776 0.291125 0.0954129 0.0245245 0.0114093 0.0360037
80.065590 0.143116 0.385876 0.301916 0.102232 0.0205979 0.017369 0.0288923
80.307480 0.154882 0.368742 0.308217 0.0999478 0.0236462 0.0165907 0.0279751
80.549370 0.164988 0.349428 0.314669 0.101699 0.0253139 0.0169017 0.0270003
80.791260 0.185641 0.322204 0.321186 0.100789 0.0266975 0.0173139 0.0261701
81.033150 0.220192 0.285256 0.327394 0.0976997 0.0271116 0.0167383 0.025608
81.275040 0.161909 0.359022 0.312281 0.097897 0.0268474 0.0158772 0.0261658
81.516930 0.128101 0.405438 0.29784 0.0993102 0.0284477 0.0156536 0.0252102
