0 7.21001e-09 1.29198e-06 0.00205099 0.99625 0.000197945 0.000711224 0.000788616
.241890 3.41198e-08 1.53399e-06 0.0040171 0.993086 0.000623547 0.000636627 0.00163544
.483780 2.10113e-08 9.64462e-07 0.00631001 0.989466 0.00117309 0.000418021 0.00263216
.725670 1.43828e-08 2.36683e-07 0.00884627 0.985509 0.00171825 0.000257041 0.00366962
.967560 2.75625e-08 6.88482e-08 0.0115997 0.981333 0.00218456 0.000230677 0.00465144
1.209450 2.09024e-08 4.65905e-07 0.0145678 0.977072 0.00254828 0.000320044 0.00549148
1.451340 1.84796e-08 8.57183e-07 0.0177507 0.972856 0.00281144 0.000467263 0.00611358
1.693230 4.69554e-08 8.57901e-07 0.0211389 0.9688 0.00296238 0.000636819 0.00646125
1.935120 3.55419e-09 6.18086e-07 0.0247008 0.964988 0.00285938 0.00093437 0.00651691
2.177010 5.80999e-08 4.04562e-07 0.0283768 0.96147 0.0022993 0.00153485 0.00631846
2.418900 5.9385e-09 2.26137e-07 0.0320849 0.958254 0.00164269 0.00205559 0.0059629
2.660790 3.44112e-08 1.44517e-07 0.0357206 0.955328 0.00112418 0.00224148 0.00558556
2.902680 3.10736e-08 5.01564e-07 0.0391595 0.952657 0.000625297 0.00223524 0.00532261
3.144570 5.03563e-09 1.30369e-06 0.0422658 0.950137 0.000187535 0.0021271 0.00528142
3.386460 5.19715e-08 1.75333e-06 0.0448989 0.947399 0.000220979 0.00196049 0.00551884
3.628350 2.33198e-08 1.16183e-06 0.0469234 0.942874 0.00240577 0.00176407 0.00603127
3.870240 4.00764e-08 2.3203e-07 0.0482127 0.928233 0.0152328 0.00156339 0.0067576
4.112130 9.16875e-08 5.81599e-07 0.0486545 0.841366 0.101002 0.00138404 0.00759333
4.354020 9.06887e-09 2.76529e-06 0.0481338 0.497545 0.444667 0.00125421 0.00839708
4.595910 1.54997e-07 4.60046e-06 0.046649 0.176213 0.766896 0.00117684 0.00906001
4.837800 2.03577e-08 3.98985e-06 0.0441036 0.0925473 0.852702 0.001172 0.00947153
5.079690 1.10689e-07 1.83803e-06 0.0405767 0.0681282 0.880479 0.00124452 0.00956938
5.321580 7.27032e-08 1.75527e-06 0.0362352 0.0599648 0.893072 0.00138875 0.00933754
5.563470 2.71226e-08 5.1071e-06 0.0313318 0.0585076 0.899762 0.00158902 0.0088044
5.805360 8.68925e-08 8.21197e-06 0.0261372 0.060949 0.903048 0.00182235 0.00803505
6.047250 3.19851e-09 7.05663e-06 0.0208942 0.0666332 0.903284 0.00206233 0.00711952
6.289140 3.97805e-08 3.61071e-06 0.015825 0.0760485 0.899679 0.00228205 0.00616186
6.531030 2.43034e-08 3.57655e-06 0.0111722 0.0907245 0.890373 0.00245629 0.00527082
6.772920 3.33735e-08 7.86368e-06 0.00722741 0.113587 0.872064 0.00256113 0.00455286
7.014810 9.34053e-09 1.07576e-05 0.00432018 0.149612 0.839383 0.00257099 0.00410287
7.256700 9.71923e-08 8.24477e-06 0.00276302 0.205882 0.784896 0.0024527 0.00399755
7.498590 1.06593e-08 4.13628e-06 0.00277084 0.288188 0.702587 0.00216418 0.00428526
7.740480 1.11451e-07 4.4352e-06 0.00438433 0.391804 0.597172 0.00167764 0.00495786
7.982370 1.09473e-07 8.30981e-06 0.00742776 0.496679 0.488943 0.00105301 0.00588909
8.224260 4.93843e-08 9.44141e-06 0.0115201 0.581445 0.399728 0.000505596 0.00679192
8.466150 2.23426e-07 5.65795e-06 0.0161342 0.638808 0.337396 0.000289738 0.00736585
8.708040 4.03186e-08 2.00611e-06 0.0206927 0.672975 0.298299 0.000495674 0.00753581
8.949930 2.14497e-07 2.78165e-06 0.0246736 0.690938 0.275846 0.00111116 0.00742863
9.191820 1.67007e-07 5.22547e-06 0.0276983 0.698439 0.264441 0.00219527 0.00722145
9.433710 8.72979e-08 4.52168e-06 0.0295824 0.699441 0.25998 0.0038246 0.00716736
9.675600 2.79962e-07 1.43174e-06 0.0303421 0.696559 0.259525 0.00571894 0.00785318
9.917490 6.25463e-08 3.02812e-07 0.0301611 0.69154 0.261045 0.00702048 0.0102334
10.159380 1.61538e-07 1.74149e-06 0.0293308 0.685589 0.263311 0.00722126 0.0145459
10.401270 1.77384e-07 2.40462e-06 0.0281809 0.679591 0.265745 0.00668716 0.0197932
10.643160 1.41893e-08 1.0767e-06 0.0270055 0.674214 0.268154 0.00579399 0.024831
10.885050 1.2773e-07 4.74116e-08 0.0260052 0.669952 0.270467 0.004671 0.028905
11.126940 6.14505e-08 5.27725e-07 0.0252607 0.667132 0.272575 0.00339147 0.0316405
11.368830 4.04941e-09 9.85057e-07 0.0247389 0.665915 0.274286 0.00208677 0.0329723
11.610720 4.70007e-08 4.9295e-07 0.0243264 0.666292 0.275354 0.000966358 0.0330605
11.852610 5.72468e-08 2.1228e-07 0.0238803 0.668098 0.275548 0.000250566 0.032223
12.094500 9.24707e-09 7.95181e-07 0.0232797 0.671034 0.274744 4.14139e-05 0.0308999
12.336390 5.52002e-08 1.11144e-06 0.0224644 0.674695 0.272959 0.000242739 0.0296378
12.578280 1.35212e-07 4.99112e-07 0.0214531 0.678611 0.27026 0.000632438 0.0290424
12.820170 1.29415e-08 8.92849e-08 0.0203438 0.68228 0.266709 0.00101823 0.0296496
13.062060 1.6524e-07 7.37764e-07 0.0192988 0.685185 0.262435 0.00133021 0.0317503
13.303950 1.2173e-07 1.3707e-06 0.0185192 0.686822 0.25776 0.00161847 0.035279
13.545840 5.83629e-08 8.3075e-07 0.0182133 0.686687 0.253232 0.00202515 0.0398408
13.787730 2.2258e-07 4.19309e-08 0.0185623 0.684259 0.249582 0.00281799 0.0447786
14.029620 3.57409e-08 5.65627e-07 0.0196861 0.678917 0.24772 0.00461872 0.0490577
14.271510 1.90537e-07 1.83916e-06 0.021614 0.669754 0.24889 0.00907992 0.0506597
14.513400 1.46086e-07 1.89031e-06 0.024263 0.655143 0.255099 0.0193324 0.0461602
14.755290 8.6754e-08 6.00067e-07 0.0274321 0.631643 0.270202 0.0352422 0.0354806
14.997180 2.78909e-07 1.35236e-07 0.0308093 0.590841 0.303036 0.0500295 0.0252837
15.239070 6.18409e-08 1.63253e-06 0.0340101 0.509115 0.377675 0.0600572 0.0191412
15.480960 2.57245e-07 3.22653e-06 0.0366287 0.325417 0.555585 0.0666088 0.0157565
15.722850 1.95167e-07 2.69887e-06 0.0383362 0.0858957 0.790915 0.0711172 0.0137333
15.964740 1.13966e-07 8.40657e-07 0.0389041 0.0105512 0.863842 0.0743065 0.0123953
16.206630 3.20989e-07 2.88134e-07 0.0383534 0.0249509 0.848676 0.0765698 0.0114493
16.448520 6.78343e-08 1.68568e-06 0.0368858 0.0418638 0.832377 0.0780712 0.0108004
16.690410 2.27371e-07 2.91399e-06 0.0348805 0.0525705 0.823219 0.0788591 0.0104675
16.932300 1.77136e-07 2.32851e-06 0.0328164 0.0581229 0.81962 0.078873 0.0105653
17.174190 5.53893e-08 7.98876e-07 0.0311959 0.0596778 0.819872 0.0778929 0.0113601
17.416080 2.14829e-07 1.30822e-08 0.0304828 0.057997 0.822706 0.0753773 0.0134367
17.657970 3.01146e-08 3.57653e-07 0.0310594 0.0536733 0.82711 0.0700314 0.0181252
17.899860 1.0357e-07 1.05514e-06 0.0331766 0.0473435 0.83217 0.0589598 0.0283486
18.141750 1.12108e-07 1.35919e-06 0.0368712 0.0398908 0.836938 0.0395445 0.0467544
18.383640 8.61834e-09 1.01751e-06 0.0418503 0.0326931 0.840284 0.0194659 0.065706
18.625530 1.42148e-07 3.2691e-07 0.047479 0.0279772 0.840552 0.0084491 0.0755419
18.867420 3.14295e-08 1.00637e-07 0.0529937 0.0294716 0.834685 0.00422569 0.0786236
19.109310 9.37863e-08 7.78005e-07 0.0578707 0.0443332 0.815945 0.00266053 0.0791901
19.351200 1.19434e-07 1.42478e-06 0.062007 0.0880769 0.768822 0.0021063 0.0789859
19.593090 3.62153e-08 9.6967e-07 0.0655776 0.187232 0.666548 0.00203067 0.0786113
19.834980 1.96896e-07 1.54131e-07 0.0687924 0.346285 0.504401 0.00228889 0.078232
20.076870 2.24542e-08 3.62015e-07 0.0717511 0.506221 0.341306 0.00291893 0.0778032
20.318760 2.34994e-07 1.14498e-06 0.0744545 0.615742 0.228465 0.00418425 0.0771534
20.560650 6.9986e-08 1.0314e-06 0.0769153 0.680426 0.159479 0.0071223 0.0760563
20.802540 2.20757e-07 2.5621e-07 0.0791513 0.719729 0.108118 0.0186949 0.0743064
21.044430 1.62245e-07 2.50158e-07 0.0813282 0.745419 0.0295639 0.0718114 0.0718774
21.286320 1.95922e-07 8.47153e-07 0.0830558 0.763633 0.000339474 0.0842961 0.0686742
21.528210 2.98242e-07 1.20883e-06 0.0845374 0.777823 0.00327086 0.0693445 0.0650222
21.770100 1.42237e-07 9.38567e-07 0.0857605 0.788056 0.00684481 0.0580045 0.0613329
22.011990 4.40964e-07 2.83261e-07 0.0866809 0.793436 0.0118491 0.0499784 0.0580548
22.253880 1.28214e-07 7.64981e-08 0.0873015 0.790847 0.0213793 0.044864 0.0556082
22.495770 5.37122e-07 9.80145e-07 0.0877166 0.770899 0.044624 0.0424444 0.0543143
22.737660 1.88335e-07 1.94692e-06 0.0881136 0.703968 0.111054 0.0425027 0.0543598
22.979550 4.53588e-07 1.32277e-06 0.0887107 0.541256 0.269481 0.0447668 0.0557832
23.221440 3.19293e-07 1.06642e-07 0.0897532 0.342607 0.460116 0.0490489 0.0584741
23.463330 2.28579e-07 5.12703e-07 0.0912755 0.226904 0.564177 0.0554535 0.0621887
23.705220 3.8184e-07 1.94942e-06 0.0931575 0.183288 0.592464 0.064535 0.0665532
23.947110 5.76587e-08 1.7625e-06 0.0951002 0.1734 0.582871 0.0775124 0.0711142
24.189000 2.78214e-07 3.06231e-07 0.0967053 0.181046 0.550425 0.0963983 0.0754248
24.430890 5.00098e-08 3.325e-07 0.0976121 0.20003 0.499175 0.124089 0.0790935
24.672780 1.0585e-07 2.00099e-06 0.0976171 0.226805 0.429532 0.164246 0.0817979
24.914670 7.13656e-08 2.85407e-06 0.096739 0.256232 0.343366 0.220363 0.0832976
25.156560 2.77711e-08 1.89264e-06 0.0951994 0.278694 0.249445 0.293196 0.0834639
25.398450 3.62398e-08 4.77386e-07 0.0933217 0.283155 0.164134 0.377052 0.0823371
25.640340 5.98714e-08 3.61492e-07 0.0913937 0.267842 0.101225 0.459372 0.0801669
25.882230 5.25717e-08 2.28432e-06 0.0895402 0.243474 0.0623639 0.527246 0.0773738
26.124120 9.47847e-08 5.00937e-06 0.0876408 0.222472 0.0407653 0.574651 0.0744658
26.366010 2.25918e-07 5.83066e-06 0.0852914 0.210865 0.0291157 0.602776 0.0719465
26.607900 9.70102e-08 3.95135e-06 0.081793 0.209392 0.0226031 0.615976 0.0702318
26.849790 4.73137e-07 2.51514e-06 0.0761632 0.216943 0.0185718 0.61873 0.0695895
27.091680 1.6312e-07 4.94104e-06 0.0672578 0.23238 0.0156071 0.614639 0.0701117
27.333570 6.03088e-07 9.91838e-06 0.0544141 0.254525 0.0128931 0.60643 0.0717265
27.575460 3.76947e-07 1.24574e-05 0.0394969 0.280178 0.00985544 0.596222 0.0742349
27.817350 5.29753e-07 1.00593e-05 0.0295404 0.301364 0.00604622 0.585672 0.0773662
28.059240 6.64149e-07 5.93161e-06 0.0323244 0.309643 0.00212476 0.575064 0.0808371
28.301130 3.60336e-07 5.03808e-06 0.0460639 0.306288 0.0146973 0.54855 0.0843948
28.543020 8.34924e-07 7.83206e-06 0.0624557 0.298885 0.163339 0.387487 0.0878253
28.784910 2.37015e-07 9.97851e-06 0.0762214 0.293126 0.368907 0.170741 0.090994
29.026800 7.23167e-07 8.03957e-06 0.0855162 0.29034 0.429467 0.100819 0.0938487
29.268690 3.76375e-07 3.57606e-06 0.0900576 0.290821 0.444692 0.0781946 0.0962311
29.510580 3.4743e-07 7.15062e-07 0.0899752 0.294623 0.44904 0.0683596 0.0980004
29.752470 4.93409e-07 8.26754e-07 0.085528 0.301862 0.450361 0.0632368 0.0990104
29.994360 7.59942e-08 1.57043e-06 0.0772138 0.312518 0.450979 0.0601396 0.0991476
30.236250 4.00201e-07 9.65266e-07 0.0660985 0.325995 0.451585 0.0579456 0.0983742
30.478140 2.87916e-08 3.98443e-08 0.0542885 0.340524 0.452257 0.0561928 0.0967376
30.720030 1.91562e-07 5.65535e-07 0.0451325 0.352874 0.452815 0.0548961 0.0942818
30.961920 6.65531e-08 2.04693e-06 0.0423611 0.359199 0.452963 0.0547803 0.0906949
31.203810 6.59716e-08 2.54502e-06 0.0481322 0.357333 0.452056 0.0583162 0.0841609
31.445700 6.33671e-08 1.51523e-06 0.0617349 0.350698 0.44659 0.0715689 0.0694056
31.687590 5.82612e-08 3.1814e-07 0.0801945 0.358373 0.419697 0.0941418 0.0475937
31.929480 3.85227e-08 2.71219e-07 0.100626 0.385921 0.368452 0.112299 0.0327016
32.171370 9.97894e-08 1.4493e-06 0.120599 0.400386 0.327803 0.125072 0.0261383
32.413260 3.14699e-08 2.67602e-06 0.138625 0.402649 0.298572 0.13729 0.0228616
32.655150 1.30202e-07 2.63458e-06 0.153857 0.400452 0.274504 0.150007 0.0211769
32.897040 9.54331e-08 1.25323e-06 0.166041 0.396596 0.25409 0.162672 0.0206003
33.138930 1.02029e-07 2.03517e-07 0.175408 0.392224 0.237274 0.174245 0.0208477
33.380820 2.13735e-07 8.36843e-07 0.182572 0.387912 0.224286 0.183609 0.0216189
33.622710 1.91353e-08 2.00237e-06 0.188229 0.384008 0.215247 0.189821 0.0226931
33.864600 2.6543e-07 1.97544e-06 0.192869 0.380778 0.210047 0.192229 0.0240735
34.106490 2.49853e-08 9.51487e-07 0.196769 0.378475 0.208346 0.19043 0.0259793
34.348380 1.6015e-07 1.59436e-07 0.20009 0.377339 0.209595 0.184152 0.0288243
34.590270 1.66172e-07 9.10919e-08 0.202941 0.377573 0.213039 0.173069 0.0333773
34.832160 7.69519e-09 4.20853e-07 0.205418 0.379291 0.217692 0.156163 0.0414365
35.074050 2.08461e-07 7.65304e-07 0.207617 0.382443 0.222305 0.128308 0.059325
35.315940 8.97548e-08 8.91339e-07 0.209641 0.386743 0.225361 0.056039 0.122215
35.557830 5.09701e-08 6.88126e-07 0.211631 0.391618 0.225784 0.00272599 0.168239
35.799720 3.08394e-07 3.30341e-07 0.213608 0.396206 0.223224 0.0176509 0.149311
36.041610 5.72147e-08 2.50579e-07 0.215444 0.399142 0.217152 0.0355482 0.132714
36.283500 1.85915e-07 3.63445e-07 0.216943 0.398772 0.210473 0.052476 0.121335
36.525390 3.92388e-07 3.85912e-07 0.217697 0.393294 0.208043 0.0678207 0.113144
36.767280 2.92497e-08 4.29209e-07 0.216943 0.381268 0.21478 0.0799955 0.107014
37.009170 4.97088e-07 7.49415e-07 0.213071 0.362803 0.233517 0.0882062 0.102402
37.251060 2.95033e-07 1.05649e-06 0.201485 0.342611 0.264045 0.0926522 0.099205
37.492950 2.14802e-07 8.32045e-07 0.158306 0.346844 0.303229 0.0940296 0.097591
37.734840 6.68228e-07 2.67985e-07 0.0187458 0.44617 0.344337 0.0929194 0.0978265
37.976730 4.85573e-08 7.80466e-08 0.26494 0.150402 0.39306 0.0917014 0.0998967
38.218620 5.71355e-07 1.14155e-06 0.256017 0.11324 0.437842 0.0888851 0.104015
38.460510 3.84082e-07 2.91039e-06 0.228689 0.102951 0.47366 0.0847736 0.109924
38.702400 1.89943e-07 4.36471e-06 0.204994 0.0987515 0.499337 0.0798988 0.117015
38.944290 7.44522e-07 4.46344e-06 0.188044 0.0971499 0.515535 0.0748085 0.124457
39.186180 8.91881e-09 2.87916e-06 0.177539 0.0971503 0.523942 0.0699726 0.131394
39.428070 6.44239e-07 1.35285e-06 0.172146 0.0983669 0.526652 0.0657169 0.137116
39.669960 2.3902e-07 2.73782e-06 0.170299 0.100577 0.525725 0.0622089 0.141187
39.911850 2.52001e-07 7.0965e-06 0.170557 0.10357 0.52289 0.0594868 0.143489
40.153740 3.98829e-07 1.03575e-05 0.171787 0.107092 0.519386 0.0575231 0.144201
40.395630 1.33792e-07 8.91776e-06 0.173238 0.110814 0.51594 0.0562829 0.143716
40.637520 3.69308e-07 4.30888e-06 0.174583 0.114309 0.512838 0.0557681 0.142498
40.879410 1.01296e-07 1.14305e-06 0.175921 0.117027 0.5101 0.0560378 0.140914
41.121300 5.40468e-07 1.47086e-06 0.177735 0.118281 0.507646 0.0572092 0.139127
41.363190 5.31306e-08 3.27506e-06 0.180757 0.117251 0.505412 0.0594564 0.13712
41.605080 5.32393e-07 3.80365e-06 0.185771 0.113041 0.503345 0.0629942 0.134844
41.846970 3.75353e-07 2.53769e-06 0.193446 0.10482 0.501302 0.0680466 0.132383
42.088860 1.34007e-07 9.1085e-07 0.204226 0.0920841 0.49892 0.0747516 0.130017
42.330750 5.65316e-07 2.04171e-07 0.218207 0.0750524 0.495563 0.0829874 0.12819
42.572640 1.23778e-07 4.39326e-07 0.234904 0.0551052 0.49037 0.0921675 0.127452
42.814530 1.92534e-07 1.02487e-06 0.253059 0.0349699 0.482384 0.101196 0.128391
43.056420 3.3707e-07 1.29528e-06 0.270795 0.0183524 0.470638 0.108769 0.131445
43.298310 4.41988e-07 7.5701e-07 0.286222 0.00905336 0.454185 0.113886 0.136652
43.540200
